36541.2619114
37772.862886
38885.974884
38355.987072
41107.1331501
35382.5850487
35113.7318611
35491.5289879
35662.181139
35351.6941071
35125.9579659
35507.2031021
35766.5679455
40156.5749645
36349.1609097
41033.5059166
41032.8440666
40875.20504
35951.2648582
35483.76894
35479.7341824
35218.4069157
35139.8229599
35082.9589367
35487.8928661
35117.6600456
35105.5150032
40800.5311489
40971.5769291
40554.8079014
36535.889864
41038.4018421
35276.6001225
35094.0930843
35481.990099
35502.5041103
35480.437994
35476.4449596
35543.3959961
35563.1110668
40579.9210072
36823.6761093
35883.0308914
40845.0348377
39694.7710514
37478.6989689
36672.5809574
40875.084877
39487.7920151
37782.2959423
41090.487957
35355.3040028
35129.4050217
35480.8559418
35112.0159626
35493.6211109
35085.6540203
35095.5569744
35482.1000099
40229.9590111
36170.5389023
40628.2958984
37300.8401394
40257.871151
40930.5360317
35483.798027
35131.633997
35118.6130047
35132.4269772
35126.3978481
35130.1548481
35141.1020756
35118.4380054
35809.9420071
40492.0389652
40958.8329792
40802.8411865
40722.1598625
36613.8961315
35119.3830967
35140.9668922
35598.1760025
35620.5489635
35624.4399548
35604.7949791
35613.1350994
35612.1869087
40739.9749756
41191.9429302
36581.7489624
40581.0670853
36829.0941715
40758.8260174
39510.0278854
37897.9279995
41386.4200115
35273.0879784
35096.6291428
35499.3989468
35466.1490917
