1178.24101448
5217.1831131
3730.04984856
3863.37089539
3576.55405998
3591.94993973
3745.5201149
3663.48290443
3681.5738678
3580.61313629
3570.94788551
5852.00309753
5919.28386688
3992.93112755
3808.32314491
3576.84206963
3756.19602203
3668.89500618
3594.84887123
3685.33802032
3695.70589066
3676.85103416
3758.34012032
3573.81796837
8207.92293549
3937.85381317
3666.09811783
3700.63495636
3678.05790901
3823.94504547
3573.17113876
3668.57290268
3784.4350338
3671.90504074
3576.9879818
3574.32603836
7292.55485535
4834.6529007
3854.88390923
3694.75102425
3839.62392807
3671.68402672
3753.62086296
3695.02902031
3756.00385666
3734.83896255
3599.30586815
3565.2551651
3595.67594528
3586.24196053
3588.92512321
3588.69385719
3772.39012718
3356.44888878
3599.11489487
3566.81799889
3578.08899879
3571.72417641
3613.92688751
4255.97810745
3185.58120728
3602.78391838
3557.50513077
3605.14307022
3578.38892937
3560.94098091
3600.30984879
3533.96201134
3606.34303093
3570.15705109
3684.79299545
3493.29209328
3579.57792282
3576.46489143
3590.01708031
3549.81613159
3588.30094337
3930.17315865
3559.4689846
3581.36200905
3602.55479813
3577.06904411
3600.65317154
3591.91298485
3578.04512978
3567.50202179
3811.56587601
3585.20507812
3570.82509995
3578.61495018
3581.19893074
3579.17499542
3581.47788048
3598.95014763
3555.90701103
3579.13780212
3600.84700584
3558.17890167
3575.96802711
3597.01299667
