356.682062149
400.874137878
307.291984558
202.926158905
242.477178574
247.893095016
176.75113678
180.172204971
215.586900711
231.50396347
415.658950806
226.567983627
337.54491806
309.269189835
157.982110977
205.423116684
143.674850464
407.783985138
302.327871323
377.648115158
220.31712532
568.447828293
235.036849976
406.852006912
285.181045532
109.138011932
103.168964386
99.0579128265
184.563159943
211.785078049
213.004112244
333.726167679
212.660074234
276.795148849
244.374990463
270.659923553
426.290988922
388.204097748
144.718885422
377.835988998
299.93391037
144.112825394
422.900915146
238.753080368
282.964944839
116.35184288
260.625123978
192.528009415
475.386142731
451.82800293
354.318141937
116.482973099
243.30997467
302.135944366
420.340061188
429.615974426
419.35801506
241.123199463
295.099973679
224.618196487
475.505828857
131.997108459
354.536056519
435.697078705
237.704992294
335.194826126
419.888019562
251.652956009
346.951007843
440.323829651
307.152032852
131.2251091
130.942821503
225.652933121
382.417201996
127.789020538
373.832941055
395.04981041
217.219829559
219.394922256
111.053943634
130.537033081
239.97592926
296.406984329
201.647996902
215.98982811
445.584058762
218.717098236
163.835048676
144.010066986
364.61520195
159.320116043
237.847089767
155.400037766
375.214099884
309.695959091
449.05591011
274.926900864
251.832962036
390.298128128
