35443.1548119
35489.4371033
35466.4471149
35107.765913
35446.3038445
35466.1118984
35504.8520565
35160.1259708
35589.3309116
35562.6909733
35577.149868
35576.5421391
35562.2339249
35577.6910782
35578.5608292
35106.4808369
35116.6460514
35492.3231602
35115.749836
35490.5779362
35105.645895
35111.4690304
35494.7450161
35478.621006
35481.5728664
35481.2150002
35475.4738808
35090.9888744
35472.643137
35480.494976
35480.6239605
35477.6580334
35597.0408916
35617.2511578
35581.0360909
35605.1409245
35585.5538845
35597.2709656
35612.2410297
35589.715004
35482.6350212
35483.2568169
35462.777853
35474.7140408
35482.1939468
35473.927021
35478.659153
35096.6689587
35484.3690395
35621.4499474
35601.4828682
35606.6009998
35605.8459282
35609.6038818
35611.3729477
35617.7809238
35609.2300415
35483.7639332
35093.654871
35486.7811203
35469.6409702
35481.9591045
35479.8810482
35472.4690914
35094.0799713
35480.6799889
35479.640007
35485.7270718
35473.1969833
35491.68396
35467.7000046
35472.0630646
35485.4810238
35471.0140228
35480.0999165
35095.7260132
35480.4999828
35089.9600983
35481.6169739
35468.5380459
35099.0030766
35479.1779518
35093.7490463
35583.2438469
35578.0169964
35591.917038
35597.2509384
35613.7011051
35621.6979027
35589.2450809
35606.0991287
35558.6810112
35581.9070339
35579.5018673
35586.4601135
35548.1641293
35582.7100277
35565.1400089
35575.0770569
35573.45891
