8910.95209122
8887.96687126
8869.3010807
8913.26713562
8895.38407326
8897.74990082
8887.4809742
8936.05589867
8901.5610218
8895.96414566
8874.82595444
8875.96201897
8878.02195549
8898.21815491
8920.77898979
8901.60894394
8873.57902527
8891.46995544
8875.9469986
8901.55482292
8891.60394669
8897.48597145
8898.46086502
8889.28699493
8929.06308174
8901.80897713
8886.57712936
8887.98999786
8903.55110168
8881.43515587
8905.39598465
8940.91796875
8900.66003799
8891.99495316
8903.95116806
8899.10697937
8875.37407875
8873.81315231
8900.38490295
8872.34997749
8885.01906395
8908.99395943
8914.81995583
8904.04701233
8919.07596588
8934.28611755
8894.35791969
8937.47282028
8891.82496071
8916.07093811
8950.56390762
8923.19083214
8928.31993103
8908.75697136
8889.25600052
8891.95990562
8887.17198372
8890.75708389
8883.16297531
8890.98596573
8901.26895905
8914.34907913
8881.55794144
8881.64281845
8881.1750412
8881.0710907
8912.18090057
8879.70089912
8881.59990311
8884.75513458
8894.80400085
8876.11293793
8900.32315254
8883.38112831
8884.61685181
8911.83280945
8904.91104126
8907.70101547
8883.55898857
8894.42801476
8881.80303574
8896.18992805
9010.81299782
8892.69995689
8903.33390236
8884.17506218
8904.53314781
8887.13788986
8897.24516869
8905.81703186
8903.63001823
8904.68406677
8907.4318409
8885.07795334
8900.3970623
8887.72296906
8900.192976
8906.3668251
8882.65585899
8887.80498505
