2556.23197556
2547.3408699
2606.88900948
2567.89016724
2574.02801514
2564.58210945
2534.2259407
2569.11683083
2586.33899689
2579.2491436
2560.62412262
2564.03589249
2566.43486023
2568.5839653
2549.87215996
2554.34894562
2563.84992599
2571.11907005
2542.08183289
2573.15587997
2547.46103287
2549.66497421
2546.92387581
2540.7910347
2574.85818863
2541.09311104
2561.31410599
2538.16199303
2567.10720062
2569.28086281
2560.2850914
2591.6121006
2563.40885162
2529.51908112
2540.39001465
2563.58194351
2566.60699844
2543.95484924
2546.23293877
2554.39305305
2538.33079338
2551.01704597
2561.93399429
2577.657938
2572.28708267
2533.33210945
2553.2989502
2540.46702385
2573.19879532
2559.01908875
2546.84710503
2550.63295364
2581.36582375
2572.52979279
2567.15607643
2573.78292084
2552.31690407
2536.89289093
2538.29884529
2638.60583305
2575.48904419
2596.22097015
2550.55308342
2531.76689148
2583.62293243
2573.81510735
2560.40000916
2579.5571804
2550.75407028
2566.57981873
2552.69002914
2560.18519402
2566.3151741
2546.43583298
2553.31301689
2545.98593712
2554.92019653
2570.43004036
2544.62885857
2582.92388916
2545.84598541
2553.08294296
2554.30603027
2570.6410408
2548.17891121
2558.64191055
2574.06592369
2556.34903908
2621.49000168
2582.01694489
2537.74404526
2535.4180336
2561.39302254
2562.65306473
2565.6979084
2566.57409668
2556.32400513
2542.75894165
2568.22395325
2550.26721954
