704.951047897
5410.58492661
3572.62897491
3583.51492882
3559.31305885
3568.11094284
3577.77118683
3554.02398109
3580.94716072
3539.74294662
3572.3772049
3568.83692741
3570.31583786
3563.66109848
3555.72009087
3571.09093666
3565.19198418
3559.65709686
3562.3061657
3578.64189148
3587.05306053
3565.8788681
3578.34100723
3573.01497459
3551.70583725
3575.42300224
3573.29106331
3575.98400116
3560.30893326
3556.31303787
3577.45695114
3574.76401329
3563.53402138
3577.39591599
3547.85394669
3569.03004646
3561.51199341
3560.08601189
3574.35703278
3561.83600426
3575.27399063
3567.2659874
3554.22592163
3568.63498688
3572.57199287
3564.19706345
3565.05513191
3546.08011246
3569.20695305
3508.9302063
3556.92601204
3575.24895668
3574.54490662
3561.75398827
3556.61392212
3595.10493279
3551.40304565
3576.31802559
3567.42811203
3572.78203964
3575.44612885
3550.01020432
3565.87386131
3579.90098
3575.95896721
3563.97199631
3557.78217316
3568.87507439
3577.46291161
3572.05510139
3554.49104309
3570.15419006
3565.96708298
3568.91703606
3573.66394997
3574.78094101
3576.04122162
3574.98502731
3568.8431263
3557.98792839
3578.9899826
3559.5998764
3577.59714127
3578.72080803
3578.96208763
3565.59896469
3572.86190987
3573.92096519
3569.49496269
3560.58287621
3567.15321541
3557.72686005
3570.12200356
3568.74299049
3562.96801567
3576.8289566
3575.76203346
3569.03195381
3571.13003731
3572.62301445
