272.001981735
926.213979721
831.035852432
827.235937119
845.070123672
813.872098923
844.656944275
821.557998657
834.012985229
840.204000473
820.3561306
824.249982834
841.047048569
829.356908798
827.91185379
829.444885254
839.293956757
813.172101974
822.18503952
841.551065445
832.864999771
837.111949921
820.158004761
834.520101547
818.351984024
844.921827316
813.618183136
823.453903198
828.888893127
824.627876282
852.409124374
849.339008331
811.982870102
810.100078583
823.075056076
843.034982681
825.178146362
830.399990082
822.707176208
827.7759552
830.263137817
802.146911621
821.929931641
834.833145142
829.600811005
830.749988556
847.439050674
823.714017868
827.712059021
834.393978119
819.933891296
823.148965836
825.132131577
841.320991516
835.531949997
822.05581665
828.361988068
847.393035889
817.603111267
841.740131378
816.204071045
837.408065796
838.015794754
853.746891022
826.181173325
837.048053741
822.381019592
819.621086121
843.785047531
802.477121353
838.225841522
824.084997177
824.062108994
851.080179214
823.940038681
818.691015244
829.708814621
836.738824844
815.493106842
806.692123413
829.353094101
835.016965866
837.673187256
823.150873184
832.305908203
835.644960403
842.041969299
812.649011612
824.644088745
783.396959305
831.145048141
826.310873032
826.058149338
825.451135635
845.000982285
825.805902481
819.527864456
835.552215576
831.398010254
844.264984131
