327.810049057
343.242168427
320.700883865
337.062835693
304.712057114
307.970046997
321.125984192
321.34103775
347.476005554
318.22514534
347.6998806
294.203042984
326.635837555
313.520908356
367.130994797
320.052862167
287.940979004
320.556163788
359.266042709
323.616027832
362.199068069
325.268983841
327.749013901
336.841106415
321.552991867
319.838047028
321.282863617
341.166973114
345.74007988
344.200849533
314.44311142
336.074113846
324.761152267
323.27914238
380.044937134
297.64008522
317.839860916
311.315059662
307.674884796
303.076982498
333.68897438
335.245847702
348.763942719
308.189153671
345.161914825
332.368850708
362.663030624
339.004993439
325.105905533
307.518959045
315.233945847
307.452917099
329.630851746
315.567970276
310.71805954
309.005975723
350.651979446
297.882080078
336.894989014
347.546100616
320.286989212
322.926998138
313.029050827
354.393959045
353.338956833
316.617012024
362.957954407
341.845989227
347.597122192
323.611021042
333.188056946
302.654981613
319.088935852
306.411981583
331.071853638
324.028968811
337.115049362
319.913864136
334.43403244
312.566041946
301.30982399
308.795928955
304.326057434
309.283971786
291.820049286
311.902046204
324.132919312
302.16217041
332.489967346
334.16891098
314.203023911
328.787088394
321.294784546
330.738067627
325.308084488
372.02000618
320.85609436
329.011917114
341.450214386
301.274061203
