169.559001923
140.700101852
196.278095245
185.253143311
237.375020981
231.780052185
251.966953278
184.834003448
232.23400116
160.525083542
248.731136322
207.049131393
219.073057175
106.776952744
283.879995346
246.504068375
208.106040955
221.235990524
151.745080948
119.523048401
239.454030991
278.345108032
141.777038574
228.78909111
110.524177551
224.838018417
228.442907333
199.012041092
210.633039474
302.85692215
178.469896317
166.27407074
280.291795731
201.885938644
175.668001175
195.307016373
221.992969513
219.171047211
213.416814804
249.351978302
181.565999985
195.835828781
243.771076202
259.512901306
225.117921829
177.255153656
315.505027771
314.589977264
104.851007462
104.998111725
338.522911072
183.051109314
267.899036407
126.502990723
216.656923294
170.428037643
112.716913223
215.409040451
206.757068634
316.024065018
244.904994965
205.579996109
116.541147232
181.093931198
182.775974274
218.625068665
228.17492485
295.921087265
115.494012833
249.457120895
167.675018311
196.54917717
207.463026047
219.566106796
281.332015991
176.977872849
184.813976288
214.135885239
218.322038651
219.280004501
197.242975235
261.02399826
190.670967102
266.751050949
217.19288826
213.098049164
187.50500679
204.644918442
162.456035614
206.279039383
226.186990738
175.15206337
305.827856064
228.94692421
223.196983337
235.018968582
236.742973328
132.875204086
114.941835403
301.988840103
