600.369215012
666.898012161
621.511936188
775.127887726
622.500896454
632.452964783
664.635896683
631.726026535
727.941989899
713.124036789
733.803987503
599.236011505
761.475086212
744.502067566
606.019973755
718.989133835
716.596841812
676.331043243
609.686851501
643.694877625
755.264997482
607.141971588
725.230932236
589.236021042
578.4740448
694.193124771
642.606973648
646.188020706
626.718044281
714.946985245
683.754920959
724.802017212
757.59601593
588.426828384
594.774007797
724.676132202
696.435928345
608.478069305
603.29413414
638.578891754
575.261831284
591.938018799
618.590831757
580.067873001
662.154912949
595.293998718
600.420951843
623.807907104
587.468862534
583.030939102
763.329029083
643.759012222
651.55005455
698.80604744
644.749164581
764.43696022
765.341043472
581.337213516
581.403017044
622.30181694
592.592954636
589.830875397
755.162000656
714.762926102
700.821876526
577.052116394
670.845985413
683.147907257
582.453966141
669.163942337
635.215044022
718.692779541
728.224992752
643.305063248
775.404930115
625.481128693
707.525968552
678.35187912
707.571029663
751.524925232
579.265832901
734.548091888
581.371068954
589.932918549
586.319923401
644.665956497
590.577125549
596.559047699
662.427902222
715.327978134
616.352796555
765.829801559
718.149900436
602.849006653
640.68198204
607.959032059
669.100046158
578.904867172
572.299003601
667.531013489
