1089.07818794
1134.0110302
1065.54794312
1150.98500252
1121.11592293
1171.07486725
1185.98294258
1180.88507652
1159.44695473
1062.58511543
1222.57590294
1161.80086136
1112.03098297
1111.85193062
1102.14805603
1065.60182571
1100.67605972
1079.16092873
1259.15884972
1158.97798538
1082.88407326
1169.04902458
1150.32291412
1058.45999718
1199.99599457
1083.51516724
1087.19015121
1111.74488068
1109.28010941
1066.94602966
1116.57214165
1178.47895622
1103.1088829
1094.46811676
1059.69119072
1070.23000717
1220.83997726
1141.64113998
1067.57307053
1088.36889267
1084.36203003
1158.40196609
1120.53894997
1178.56001854
1152.83298492
1084.50603485
1118.75486374
1086.45296097
1103.44004631
1115.48995972
1094.27404404
1056.36405945
1155.05504608
1126.76715851
1160.01796722
1078.68003845
1136.4030838
1178.13301086
1106.02402687
1105.41200638
1102.97894478
1063.78102303
1175.2641201
1130.52201271
1088.31596375
1075.46687126
1136.93094254
1143.67318153
1174.57103729
1131.04605675
1144.5069313
1174.99804497
1133.46505165
1119.06099319
1094.71893311
1161.5729332
1112.76602745
1104.85005379
1134.71603394
1191.65587425
1071.61593437
1131.91914558
1145.53594589
1179.59308624
1090.90089798
1085.61587334
1208.41383934
1133.53800774
1110.9828949
1143.01896095
1079.96296883
1099.53212738
1077.05307007
1069.30303574
1183.22706223
1091.44902229
1079.26917076
1184.72504616
1146.05903625
1147.79114723
